-1.34
-0.51
-0.42
-0.80
-0.45
0.16
0.61
1.15
2.63
4.11
4.80
4.96
5.06
5.47
6.05
6.40
6.72
7.38
8.14
8.57
8.55
8.49
8.35
8.09
7.87
7.83
8.05
8.13
7.91
7.38
7.10
7.14
7.51
7.91
8.01
8.16
8.12
7.47
6.43
4.79
3.13
1.45
1.03
1.11
1.50
1.42
0.94
0.47
0.43
0.37
0.41
0.73
0.49
0.05
-0.44
-0.70
-0.80
-1.03
-1.98
-2.67
-2.79
-2.67
-2.42
-0.89
2.14
5.06
7.13
7.18
6.91
5.83
4.19
1.17
-0.81
-2.88
-0.17
4.21
4.89
3.63
1.59
1.63
1.38
1.29
1.13
0.68
-0.12
-0.84
-1.51
-1.74
-1.62
-1.55
-2.26
-2.97
-3.45
-3.53
-2.40
-0.14
1.84
4.15
4.61
3.19
1.72
1.07
1.86
3.51
4.46
4.91
4.58
4.85
4.72
3.70
3.44
3.53
3.26
2.74
2.14
1.14
0.68
0.78
0.42
-0.32
-0.84
-1.12
-1.28
-1.26
-1.71
-2.54
-3.92
-5.09
-6.49
-7.81
-8.98
-9.16
-9.64
-10.49
-7.69
-2.38
1.60
2.23
0.74
-0.34
-0.04
0.34
1.01
0.36
0.61
-0.01
0.17
-0.41
-1.55
-2.18
-2.65
-3.02
-3.39
-3.50
-3.38
-3.36
-3.44
-3.37
-3.44
-3.78
-4.46
-5.78
-6.62
-7.72
-8.20
-8.87
-5.31
-1.44
1.54
2.88
1.91
-0.14
-0.69
-0.56
-1.22
-1.45
-1.08
-1.44
-2.01
-2.23
-2.53
-2.65
-2.85
-3.24
-4.05
-4.51
-4.63
-4.60
-4.76
-5.21
-5.94
-7.10
-8.43
-9.05
-7.40
-3.14
-0.31
2.41
0.92
-1.61
-0.22
0.28
0.96
1.03
1.01
0.12
-0.75
-1.53
-1.29
-1.21
-1.54
-1.42
-1.62
-2.47
-3.03
-3.45
-3.80
-3.73
-3.71
-4.10
-4.66
-4.49
-4.18
-2.85
-1.28
0.89
2.08
1.42
1.85
1.86
0.91
1.48
2.05
1.90
1.35
1.10
0.34
-0.08
-0.19
-0.24
-0.42
-0.75
-0.97
-1.16
-1.15
-1.14
-1.56
-2.14
-2.18
-2.38
-3.11
-4.29
-5.56
-6.94
-7.63
-8.23
-8.01
-5.01
0.18
2.55
1.77
0.02
0.01
0.78
1.33
1.52
0.53
-0.03
-1.22
-1.88
-2.30
-1.45
-1.01
-1.33
-1.93
-2.50
-2.81
-3.09
-3.47
-3.96
-4.46
-4.87
-5.12
-5.34
-5.81
-5.71
-5.86
-2.35
1.23
4.02
4.29
3.63
3.54
4.00
4.12
2.69
2.88
4.65
6.64
7.26
6.84
6.39
6.25
6.75
7.47
8.05
8.06
7.74
7.54
7.32
7.25
7.49
7.42
6.62
6.81
7.02
7.10
8.54
8.06
9.97
10.10
9.65
9.48
10.05
9.97
10.52
10.69
10.49
10.63
10.76
10.88
10.72
10.09
10.41
10.75
10.86
11.02
10.43
10.07
9.70
9.42
9.54
9.50
9.42
10.38
11.89
12.28
12.77
12.89
12.57
12.49
12.94
10.51
8.82
6.21
6.34
6.24
5.25
5.18
4.49
3.24
2.05
1.68
1.55
0.87
0.22
-0.51
-1.01
-1.55
-2.20
-2.79
-3.13
-3.46
-4.07
-4.62
-5.06
-5.34
-5.75
-6.31
-5.70
-4.77
-3.89
-4.18
-5.53
-6.26
-5.11
-5.33
-6.07
-6.88
-6.95
-7.45
-7.70
-7.45
-7.52
-7.98
-8.64
-9.07
-9.07
-9.42
-10.56
-12.05
-13.28
-13.91
-14.54
-15.51
-16.30
-16.26
-15.99
-16.46
-17.78
-19.00
-20.41
-21.79
-22.73
-23.87
-24.13
-17.05
-8.59
-3.91
-2.73
-3.89
-6.29
-6.31
-6.16
-6.21
-6.09
-5.91
-5.93
-6.87
-7.43
-7.54
-8.27
-9.52
-10.67
-12.18
-12.90
-13.38
-13.74
-13.72
-13.60
-13.92
-14.38
-15.17
-14.58
-7.99
-2.25
0.57
-0.52
-2.78
-2.23
-2.52
-2.68
-2.88
-3.18
-3.56
-3.80
-3.03
-3.42
-4.00
-3.92
-3.93
-4.06
-4.07
-4.44
-4.65
-4.68
-5.02
-5.91
-6.82
-7.50
-7.98
-8.57
-8.74
-9.05
-10.01
-10.70
-9.58
-3.61
0.31
0.88
0.17
-1.16
-1.61
-0.99
-1.07
-1.53
-1.67
-1.99
-2.43
-2.56
-2.83
-2.94
-2.98
-3.35
-3.95
-4.18
-4.19
-4.38
-5.29
-6.41
-7.59
-8.54
-8.53
-8.69
-8.79
-8.05
-2.34
2.28
4.05
2.11
-0.33
-1.09
-1.20
-1.20
-1.30
-0.92
-0.81
-1.32
-1.55
-1.50
-1.77
-1.96
-2.30
-2.60
-2.79
-2.94
-2.77
-2.71
-2.39
-0.95
1.85
4.62
7.20
7.20
6.97
6.02
5.42
4.59
2.46
1.98
4.40
5.05
4.62
4.41
3.92
3.81
3.61
2.62
1.49
1.05
0.54
-0.05
-0.58
-1.04
-1.62
-2.62
-3.61
-4.84
-6.49
-7.99
-9.38
-10.29
-10.96
-11.56
-12.32
-12.96
-13.49
-14.52
-13.95
-7.32
-2.04
1.43
-0.07
-1.17
-0.25
-0.43
-1.15
-0.94
-1.42
-2.05
-2.04
-2.34
-2.77
-3.50
-3.95
-4.57
-5.03
-5.35
-5.41
-5.41
-5.58
-5.98
-6.29
-6.42
-6.98
-7.76
-8.90
-7.13
-4.89
-1.39
-0.15
0.96
1.08
0.88
1.66
2.05
2.10
1.70
1.81
1.04
0.69
0.73
0.30
-0.42
-0.78
-1.03
-1.39
-1.58
-1.93
-2.57
-3.43
-4.26
-5.35
-6.19
-7.04
-7.59
-7.94
-8.20
-8.85
-10.01
-6.23
-0.38
2.04
1.88
0.36
-0.19
0.03
-0.30
-1.05
-1.35
-1.21
-1.95
-1.82
-2.18
-2.81
-3.51
-3.54
-3.89
-4.48
-4.99
-5.32
-5.83
-5.97
-5.96
-5.91
-6.37
-6.68
-6.76
-5.17
-3.77
-1.45
-1.57
-0.34
-0.51
-0.36
0.23
1.70
2.42
2.00
1.51
1.55
1.37
1.21
1.00
0.80
0.43
0.19
0.10
-0.03
-0.29
-0.78
-1.75
-2.83
-3.70
-4.80
-6.23
-6.81
-7.33
-7.98
-8.36
-8.86
-9.53
-9.07
-3.95
0.28
1.88
1.33
0.32
1.07
0.30
0.03
-0.96
-0.95
-1.59
-2.68
-2.63
-2.48
-2.99
-3.56
-4.14
-4.78
-5.38
-5.72
-5.93
-6.07
-6.30
-6.53
-6.93
-7.69
-8.27
-9.12
-10.03
-11.05
-11.77
-10.42
-3.26